8

Floor
floor.png
124

32
32


32
64


32
96


64
32


64
64


64
96


96
32


96
64


96
96


128
64


160
64


192
64


64
128


64
160


64
192


64
224


224
32


256
32


288
32


320
32


224
64


224
96


224
128


224
160


256
160


256
64


256
96


256
128


288
160


288
128


288
96


288
64


320
64


320
96


320
128


320
160


352
64


384
32


384
64


384
96


416
32


416
64


416
96


448
32


448
64


448
96


416
128


416
160


448
160


448
192


448
224


448
256


448
288


448
320


448
352


480
320


480
288


480
256


480
224


480
192


512
224


512
256


512
288


544
224


544
256


544
288


576
224


576
256


576
288


608
224


608
256


608
288


416
352


384
352


352
352


320
352


320
320


320
288


320
256


320
224


96
224


128
224


160
224


192
224


224
224


256
224


288
224


96
256


96
288


96
320


128
320


96
352


96
384


64
384


64
416


64
448


64
480


64
512


96
448


128
448


160
448


160
480


192
480


224
480


256
480


160
512


160
544


192
544


224
544


160
576


160
608


192
608


224
608


160
320


288
352


256
352


224
384


224
352


224
320


192
384


192
352


192
320


160
384


160
352



Wall
wall.png
151

0
96


0
64


0
32


0
0


32
0


64
0


96
0


128
0


128
32


160
32


192
32


192
0


224
0


256
0


288
0


320
0


352
0


352
32


384
0


416
0


448
0


480
0


480
32


480
64


480
96


480
128


448
128


352
96


352
128


384
128


128
96


160
96


192
96


0
128


32
128


96
128


128
128


192
128


32
160


32
192


32
224


96
160


96
192


192
160


128
192


160
192


192
192


224
192


288
192


320
192


352
192


352
160


352
224


352
256


352
288


352
320


384
320


416
320


416
288


416
256


416
224


416
192


384
160


384
192


480
160


512
160


512
192


544
192


576
192


608
192


640
192


640
224


640
256


640
288


640
320


608
320


576
320


544
320


512
320


480
352


512
352


128
256


160
256


192
256


224
256


256
256


288
256


128
288


160
288


192
288


224
288


256
288


288
288


288
320


256
320


32
256


64
256


64
288


64
320


64
352


32
352


32
384


32
416


32
448


32
480


32
512


32
544


64
544


96
544


96
512


96
480


128
480


128
512


128
544


128
576


128
608


128
640


160
640


192
640


224
640


256
640


256
608


256
576


224
576


192
576


256
544


256
512


224
512


192
512


288
512


288
480


288
448


256
448


224
448


192
448


128
352


128
384


96
416


128
416


160
416


192
416


224
416


256
416


256
384


288
384


320
384


416
384


448
384


480
384


352
384


384
384



Door
door.png
13

64
128


128
64


192
64


352
64


416
128


96
256


352
352


192
480


192
608
locked=true

64
480


256
192


128
320


256
352



Dwarf
dwarf.png
5

260
62


286
140


167
380


211
318


64
510



Elf
elf.png
5

433
48
loot=key

597
232


595
279


258
480


223
545



Wizard
wizard.png
1

56
52
player=true


Potion
potion.png
4

320
32


480
256


192
352


160
544



Staff
staff.png
1

224
608


